id;piso;lotacao;tomadas;projector ou id;piso;lotacao;projector
1;0;70;15;false;4.042;4.49
2;0;57;20;false;3.083;4.396
3;0;94;30;true;3.271;2.448
4;0;47;13;false;4.281;2.531
5;0;84;true;4.142;4.59
101;1;87;13;true;4.042;4.49
102;1;49;13;true;3.083;4.396
103;1;63;false;3.271;2.448
104;1;54;true;4.281;2.531
105;1;58;13;true;4.142;4.59
201;2;63;false;4.042;4.49
202;2;56;true;3.083;4.396
203;2;77;false;3.271;2.448
204;2;79;13;true;4.281;2.531
205;2;60;30;true;4.142;4.59
301;3;72;30;true;4.042;4.49
302;3;66;false;3.083;4.396
303;3;85;true;3.271;2.448
304;3;83;true;4.281;2.531
305;3;53;13;false;4.142;4.59
